start
true
25 20 15 10 10 10 10
ItemA      80            30      75          40        60    20          15  
ItemB      65            45      50          55        50    30          25  
ItemC      40            60      30          35        70    40          35  
ItemD      85            25      80          45        55    15          10  
ItemE      55            50      45          50        65    35          30  
ItemF      30            70      20          25        80    50          45  
ItemG      90            20      85          50        45    10          5  
ItemH      60            55      40          60        55    25          20  
ItemI      35            75      25          30        75    45          40  
ItemJ      95            15      90          55        40    5           8  
ItemK      70            35      55          65        60    20          18  
ItemL      45            65      35          40        85    55          50  
ItemM      88            28      82          52        50    12          9  
ItemN      58            48      42          58        68    32          22  
ItemO      38            72      22          28        78    48          38 